
Accuracies: [0.4435318410396576, 0.5005435347557068, 0.4931755065917969, 0.443706214427948, 0.4579608738422394]
Losses: [5.687343597412109, 4.381649494171143, 4.357181549072266, 4.845186233520508, 5.459097862243652]

Metrics for all Folds: 

              precision    recall  f1-score   support

           0       0.10      0.01      0.02      3996
           1       0.00      0.05      0.01       376
           2       0.94      0.96      0.95      3591
           3       0.60      0.57      0.58       316

    accuracy                           0.44      8279
   macro avg       0.41      0.40      0.39      8279
weighted avg       0.48      0.44      0.44      8279


Training Time: 0:00:43.902003
AUC: 0.33791571205117366

Confusion Matrix: 
[[  37 3784  175    0]
 [ 234   18    9  115]
 [   2  145 3437    7]
 [  91   10   35  180]]

__________________________________________________________
              precision    recall  f1-score   support

           0       0.93      0.98      0.95      3905
           1       0.61      0.64      0.63       472
           2       0.06      0.00      0.01      3529
           3       0.00      0.05      0.01       373

    accuracy                           0.50      8279
   macro avg       0.40      0.42      0.40      8279
weighted avg       0.50      0.50      0.49      8279


Training Time: 0:00:41.451002
AUC: 0.47457206483533904

Confusion Matrix: 
[[3808    9    3   85]
 [ 101  303   62    6]
 [ 194   14   16 3305]
 [   5  169  182   17]]

__________________________________________________________
              precision    recall  f1-score   support

           0       0.96      0.96      0.96      3909
           1       0.73      0.62      0.67       432
           2       0.04      0.00      0.01      3591
           3       0.01      0.08      0.01       347

    accuracy                           0.49      8279
   macro avg       0.43      0.42      0.41      8279
weighted avg       0.51      0.49      0.49      8279


Training Time: 0:00:41.699995
AUC: 0.4921275056756769

Confusion Matrix: 
[[3769   25    4  111]
 [  36  270  119    7]
 [ 120    7   16 3448]
 [   5   67  247   28]]

__________________________________________________________
              precision    recall  f1-score   support

           0       0.01      0.05      0.01       383
           1       0.06      0.01      0.01      3953
           2       0.64      0.57      0.60       315
           3       0.96      0.95      0.96      3627

    accuracy                           0.44      8278
   macro avg       0.42      0.39      0.40      8278
weighted avg       0.48      0.44      0.45      8278


Training Time: 0:00:41.238002
AUC: 0.036449115254529735

Confusion Matrix: 
[[  21  294   65    3]
 [3804   29    4  116]
 [   1  126  178   10]
 [ 140   13   29 3445]]

__________________________________________________________
              precision    recall  f1-score   support

           0       0.06      0.00      0.01      3875
           1       0.01      0.07      0.01       399
           2       0.65      0.67      0.66       364
           3       0.95      0.96      0.96      3640

    accuracy                           0.46      8278
   macro avg       0.42      0.43      0.41      8278
weighted avg       0.47      0.46      0.45      8278


Training Time: 0:00:41.337002
AUC: 0.20734966620765646

Confusion Matrix: 
[[  19 3732    2  122]
 [ 236   28  119   16]
 [  73   10  244   37]
 [   3  128    9 3500]]

__________________________________________________________
